
This is an example file with the Clark-Y profile 

1.00000       0.00120
0.94801       0.01543
0.89900       0.02826
0.85274       0.03978
0.80903       0.05013
0.76769       0.05942
0.72855       0.06774
0.69146       0.07518
0.65627       0.08183
0.62287       0.08772
0.59112       0.09290
0.56094       0.09739
0.53220       0.10129
0.50483       0.10464
0.47874       0.10750
0.45384       0.10991
0.43007       0.11191
0.40737       0.11354
0.38566       0.11480
0.36489       0.11574
0.34501       0.11640
0.32596       0.11680
0.30771       0.11699
0.29020       0.11704
0.27340       0.11697
0.25728       0.11670
0.24178       0.11622
0.22689       0.11553
0.21257       0.11462
0.19879       0.11348
0.18552       0.11201
0.17275       0.11035
0.16044       0.10853
0.14858       0.10655
0.13713       0.10446
0.12610       0.10222
0.11544       0.09985
0.10515       0.09734
0.09521       0.09469
0.08561       0.09189
0.07633       0.08894
0.06735       0.08587
0.05866       0.08262
0.05026       0.07912
0.04212       0.07522
0.03424       0.07092
0.02660       0.06611
0.01920       0.06051
0.01203       0.05404
0.00508       0.04613
0.00168       0.04076
0.00000       0.03500
0.00000       0.03500
0.00168       0.02839
0.00508       0.02416
0.01203       0.01953
0.01920       0.01654
0.02660       0.01424
0.03424       0.01230
0.04212       0.01066
0.05026       0.00926
0.05866       0.00810
0.06735       0.00708
0.07633       0.00617
0.08561       0.00532
0.09521       0.00455
0.10515       0.00384
0.11544       0.00318
0.12610       0.00258
0.13713       0.00203
0.14858       0.00155
0.16044       0.00116
0.17275       0.00082
0.18552       0.00054
0.19879       0.00032
0.21257       0.00016
0.22689       0.00006
0.24178      -0.00001
0.25728      -0.00004
0.27340      -0.00004
0.29020      -0.00002
0.30771      -0.00001
0.32596      -0.00001
0.34501      -0.00001
0.36489      -0.00001
0.38566       0.00000
0.40737       0.00000
0.43007       0.00000
0.45384       0.00000
0.47874       0.00000
0.50483       0.00000
0.53220       0.00000
0.56094       0.00000
0.59112       0.00000
0.62287       0.00000
0.65627       0.00000
0.69146       0.00000
0.72855       0.00000
0.76769       0.00000
0.80903       0.00000
0.85274       0.00000
0.89900       0.00000
0.94801       0.00000
1.00000       0.00000

You can convert this file into dxf with the following command:

	python3 profile2dxf.py ClarkY.txt 200 > ClarkY.dxf

